0 0 0 0
0 0 0 0
0 0 0 0
-0.2033000588417 0.41697341203689 -0.88589072227478 1000
0.19765873253345 0.41737210750579 -0.88697892427444 1000
0.40233960747718 0.06785885244607 -0.91297215223312 1000
-0.40386697649955 0.66089874505996 -0.63253796100616 1000
-0.20188963413238 0.90330165624618 -0.37853226065635 1000
0.8530336022377 -0.50806605815887 0.11917413771152 1000
0.73143965005874 -0.46392279863357 0.49977168440818 1000
-0.40774688124656 0.06761974096298 -0.91058772802352 1000
0.73335242271423 -0.09648150205612 0.67296779155731 1000
-0.65005981922149 0.75064915418624 0.11810237169265 1000
0 0 0 0
-0.32163590192794 0.9468634724617 0.00002180785122 1000
-0.32412767410278 0.61207741498947 0.72131997346878 1000
-0.65000665187835 0.58376890420913 0.48652365803718 1000
-0.97841340303421 0.18934229016304 0.08280546218156 1000
0.85476750135421 -0.23536440730094 -0.46257570385932 1000
-0.00073645001975 -0.808767080307 -0.58812862634658 1000
-0.00282534980215 -0.97560703754425 -0.21950632333755 1000
-0.65401738882064 -0.58284705877304 -0.48223504424095 1000
0.32922503352165 0.61220806837081 0.71889662742614 1000
-0.19778488576412 0.29240107536315 0.93561893701553 1000
0 0 0 0
0.20347626507282 0.29152280092239 0.93467205762863 1000
0.65059602260589 0.75051933526992 0.11595463007688 1000
0.32357692718505 0.94618588685989 -0.00550423609092 1000
0.20002236962318 0.90150868892669 -0.38376200199127 1000
0.40386697649955 0.66089874505996 -0.63253796100616 1000
0.73268675804138 0.09641113877296 -0.67370247840881 1000
0.72898626327514 0.46234518289566 -0.50479298830032 1000
0.85229921340942 0.50808185338974 -0.12425385415554 1000
0.85757440328598 0.23429869115352 0.45789778232574 1000
0.97907423973083 0.18854278326034 0.07658583670854 1000
0 0 0 0
0 0 0 0
0 0 0 0
0 0 0 0
0 0 0 0
0 0 0 0
-0.2033000588417 0.41697341203689 -0.88589072227478 1000
0.19765873253345 0.41737210750579 -0.88697892427444 1000
0.40233960747718 0.06785885244607 -0.91297215223312 1000
-0.40386697649955 0.66089874505996 -0.63253796100616 1000
-0.20188963413238 0.90330165624618 -0.37853226065635 1000
0.8530336022377 -0.50806605815887 0.11917413771152 1000
0.73143965005874 -0.46392279863357 0.49977168440818 1000
-0.40774688124656 0.06761974096298 -0.91058772802352 1000
0.73335242271423 -0.09648150205612 0.67296779155731 1000
-0.65005981922149 0.75064915418624 0.11810237169265 1000
0 0 0 0
-0.32163590192794 0.9468634724617 0.00002180785122 1000
-0.32412767410278 0.61207741498947 0.72131997346878 1000
-0.65000665187835 0.58376890420913 0.48652365803718 1000
-0.97841340303421 0.18934229016304 0.08280546218156 1000
0.85476750135421 -0.23536440730094 -0.46257570385932 1000
-0.00073645001975 -0.808767080307 -0.58812862634658 1000
-0.00282534980215 -0.97560703754425 -0.21950632333755 1000
-0.65401738882064 -0.58284705877304 -0.48223504424095 1000
0.32922503352165 0.61220806837081 0.71889662742614 1000
-0.19778488576412 0.29240107536315 0.93561893701553 1000
0 0 0 0
0.20347626507282 0.29152280092239 0.93467205762863 1000
0.65059602260589 0.75051933526992 0.11595463007688 1000
0.32357692718505 0.94618588685989 -0.00550423609092 1000
0.20002236962318 0.90150868892669 -0.38376200199127 1000
0.40386697649955 0.66089874505996 -0.63253796100616 1000
0.73268675804138 0.09641113877296 -0.67370247840881 1000
0.72898626327514 0.46234518289566 -0.50479298830032 1000
0.85229921340942 0.50808185338974 -0.12425385415554 1000
0.85757440328598 0.23429869115352 0.45789778232574 1000
0.97907423973083 0.18854278326034 0.07658583670854 1000
0 0 0 0
0 0 0 0
0 0 0 0
