. .
. .
. .
2.85008e-17 2.85008e-17
0.618762 0.618762
0.656344 0.141076
0.195784 0.631398
0.289375 0.11124
0.283327 0.211963
0.320408 0.105485
1.13031 0.993612
0.320097 1.1304
0.594309 0.627916
. .
0.636387 0.708732
0.750037 0.630209
0.552404 0.224804
0.403176 0.248096
0.406743 0.212294
0.65916 0.361764
0.573772 0.274182
0.791201 0.33968
0.702579 0.164674
0.470656 0.475148
. .
0.593583 0.283516
0.682038 0.226063
0.644755 0.121
0.611982 0.100985
0.709789 0.153159
0.680578 0.193039
0.714776 0.202929
0.764439 0.106033
0.703551 0.132485
0.706049 0.178872
. .
. .
. .
. .
. .
. .
0.47501 0.313468
0.757229 0.428128
0.59189 0.238043
0.35492 0.326715
0.50101 0.22994
0.468046 0.31116
0.638714 0.198301
0.693712 0.307685
0.643955 0.137167
0.697277 0.171273
. .
0.685884 0.348824
1.06477 0.535599
0.790378 0.34734
0.889103 0.204288
0.722965 0.28936
0.979102 0.350797
0.825341 0.552691
0.774468 0.693871
0.882281 0.350521
0.833722 0.337997
. .
0.648475 0.350594
0.720723 0.268202
0.680646 0.250437
0.661244 0.178443
0.837739 0.364318
0.846959 0.185667
0.727632 0.225617
0.725353 0.604289
0.762434 0.608475
0.749657 0.390662
. .
. .
. .
