9.23709e-15 9.23709e-15
0.0964144 0.0964144
0.0617056 0.112425
0.967735 0.930241
1.08516 0.618762
1.09745 0.141076
0.990053 0.631398
1.03883 0.11124
1.15605 0.211963
1.13364 0.105485
1.41589 0.993612
1.12629 1.1304
1.30148 0.627916
1.10559 1.37633
1.20811 1.24683
1.36254 0.630209
1.1998 0.224804
1.19953 0.248096
1.21462 0.212294
1.27776 0.361764
1.16897 0.274182
1.31942 0.33968
1.27835 0.164674
1.1623 0.475148
0.771179 1.00638
1.2554 0.976468
1.21658 0.226063
1.19144 0.121
1.174 0.100985
1.22256 0.153159
1.23185 0.193039
1.15412 0.202929
1.18458 0.106033
1.18481 0.132485
1.11789 0.178872
0.583418 0.828483
0.550421 0.0767634
0.556518 0.0754861
0.55343 0.0673166
0.648851 0.152461
0.705505 0.0709352
1.13227 0.892601
1.2508 0.428128
1.19449 0.238043
1.11916 0.326715
1.12453 0.22994
1.21886 0.31116
1.27216 0.198301
1.29467 0.307685
1.28338 0.137167
1.31068 0.171273
0.751268 0.927252
1.23871 0.883428
1.49733 0.535599
1.33118 0.34734
1.36662 0.204288
1.28415 0.28936
1.39767 0.350797
1.34238 0.552691
1.2183 0.693871
1.27197 0.350521
1.14846 0.337997
0.606125 0.87484
1.16138 1.01768
1.12095 0.268202
1.03513 0.250437
0.987916 0.178443
1.12085 0.364318
1.13681 0.185667
1.09531 0.225617
1.01487 0.604289
1.14134 0.608475
1.06236 0.390662
0.631241 1.19892
0.680694 0.10485
0.499513 0.555494
