0.000062 0.000000 0.000000 
-0.000000 0.001037 -0.000000 
0.000000 0.000000 -0.000000 
0.001374 0.000596 -0.002637 
0.000859 -0.000263 -0.006535 
0.000843 0.000069 -0.007183 
0.001876 0.000701 -0.003223 
0.001949 0.000507 -0.002632 
0.001929 0.000060 -0.002127 
0.001709 0.000328 -0.001900 
-0.000122 0.000380 -0.010500 
0.002698 0.000465 -0.003593 
0.002835 0.000567 -0.005109 
0.002610 0.003451 -0.003642 
0.004443 0.001097 -0.007628 
0.004521 0.001333 -0.005952 
0.003278 0.001266 -0.005722 
0.003451 0.000556 -0.004854 
0.002944 0.001244 -0.005235 
0.003750 0.001802 -0.007186 
0.003911 0.001919 -0.006195 
0.003664 0.001454 -0.006905 
0.004159 0.001898 -0.007364 
0.004229 0.002493 -0.006815 
0.005781 0.004966 -0.005114 
0.004622 0.001816 -0.006481 
0.003877 0.001511 -0.006927 
0.003973 0.001959 -0.006566 
0.003679 0.001915 -0.007129 
0.004173 0.001653 -0.008068 
0.004447 0.001717 -0.008286 
0.003814 0.001475 -0.007632 
0.003934 0.001261 -0.007337 
0.004450 0.001502 -0.006634 
0.003787 0.001419 -0.006410 
0.007102 0.003466 -0.003704 
0.006791 0.003865 -0.003638 
0.006705 0.003332 -0.004084 
0.006686 0.004212 -0.004211 
0.007257 0.003128 -0.004588 
0.007582 0.002738 -0.004772 
0.004687 0.001709 -0.005872 
0.003619 0.001061 -0.008622 
0.003847 0.001897 -0.007397 
0.002902 0.001331 -0.004733 
0.002651 0.001685 -0.005711 
0.001620 0.000601 -0.005126 
0.001391 0.000637 -0.005309 
0.001637 0.001070 -0.006241 
0.001840 0.000471 -0.005100 
0.001709 0.001244 -0.005421 
0.000000 0.002952 -0.004917 
0.002165 0.001484 -0.006293 
0.001317 0.001643 -0.007416 
0.000953 0.001173 -0.005808 
0.000980 0.000949 -0.006369 
0.000534 0.001435 -0.005333 
-0.000259 0.001577 -0.007704 
0.001337 0.002053 -0.006821 
0.000415 0.002159 -0.002852 
-0.001388 0.002915 -0.003315 
-0.001629 0.003888 -0.004253 
-0.006244 0.005095 0.000000 
-0.000900 0.002572 -0.003172 
-0.001912 0.001146 -0.003407 
-0.001621 0.002496 -0.004042 
-0.002305 0.002735 -0.004715 
-0.003352 0.002984 -0.006653 
-0.003231 0.003074 -0.005263 
-0.002287 0.001714 -0.003253 
-0.001892 0.000051 0.001043 
-0.001896 0.001051 0.002685 
-0.001053 0.002062 -0.001472 
-0.006548 0.006291 -0.000509 
-0.006309 0.006405 -0.000000 
-0.003176 0.006536 -0.000317 
