-0.000353 -0.000054 -0.000070 
-0.000425 -0.000868 0.000143 
-0.000443 -0.000441 0.046041 
-0.517606 0.608233 0.733690 
-0.311821 0.391702 0.763070 
-0.254092 0.459481 0.801502 
-0.552547 0.599657 0.730671 
-0.540302 0.564057 0.776781 
-0.612718 0.515130 0.820978 
-0.624472 0.405609 0.777934 
-0.314858 0.007533 1.038681 
-0.590168 0.750939 0.898296 
-0.525187 0.430683 0.946951 
0.046543 -0.446864 0.729737 
-0.450768 1.095759 0.959800 
-0.466458 0.521893 0.982858 
-0.519280 0.633129 0.942032 
-0.611886 0.601672 0.906309 
-0.618634 0.500659 0.905404 
-0.517621 0.665536 0.980623 
-0.494449 0.755581 0.973138 
-0.448077 0.596227 0.995992 
-0.489529 0.759154 1.001645 
-0.529650 0.732046 0.994947 
-0.247625 -0.026651 0.380112 
-0.494695 0.695698 1.006777 
-0.407769 0.832313 1.024881 
-0.450638 0.728189 1.006265 
-0.470698 0.638475 0.984694 
-0.398327 0.572273 0.962208 
-0.326317 0.608075 0.951491 
-0.271184 0.679910 0.920997 
-0.283334 0.717837 0.929676 
-0.382447 0.671176 0.920502 
-0.313878 0.781682 0.914482 
-0.135086 0.179862 0.139609 
-0.127415 0.176449 0.173322 
-0.132272 0.182937 0.143246 
-0.141873 0.193042 0.141360 
-0.145452 0.207057 0.168679 
-0.147094 0.202415 0.194562 
-0.510833 0.702335 0.899697 
-0.369174 0.517668 0.953806 
-0.414101 0.568128 0.960951 
-0.585485 0.627320 0.945192 
-0.539301 0.598472 0.941283 
-0.619901 0.476727 0.950589 
-0.601713 0.282612 0.958144 
-0.503686 0.256309 1.010482 
-0.555743 0.262536 0.982721 
-0.522527 0.379492 1.028828 
-0.117579 -0.287082 0.597899 
-0.431511 0.615747 1.090816 
-0.330967 0.306196 1.136285 
-0.326620 0.458999 1.136733 
-0.403578 0.321774 1.091701 
-0.452613 0.286390 1.064703 
-0.228952 0.541080 1.199446 
-0.413006 0.562548 1.281977 
-0.054139 0.820107 1.182185 
-0.080806 0.637585 1.257107 
-0.036008 0.627905 1.219891 
0.113267 -0.281504 0.869905 
-0.221364 0.629567 1.240530 
-0.088834 0.882513 1.149730 
-0.167307 0.719790 1.107680 
-0.201664 0.626233 1.073930 
-0.206783 0.453596 1.087185 
-0.062292 0.453499 1.075799 
-0.034000 0.554298 1.020071 
0.547874 0.592172 1.032977 
0.205088 0.507287 0.976910 
-0.058339 0.752306 0.994605 
-0.047378 -0.057941 0.431070 
-0.030326 -0.006002 0.372463 
-0.006042 -0.208791 0.760631 
