. .
1.16012e-14 1.16012e-14
1.18456 1.18456
1.35932 0.293692
1.04831 0.619141
1.12732 0.399803
1.2593 0.180137
1.18814 0.201366
1.10771 0.125995
1.1974 0.193198
1.04828 0.322952
1.31707 0.345276
1.23135 0.131619
1.26528 0.31586
. .
0.82844 0.516179
0.993743 0.868124
0.965628 0.128063
0.936229 0.192373
1.11592 0.311267
1.19753 0.207999
1.13867 0.144021
0.867762 0.512914
1.08488 0.480841
1.15979 0.222642
1.21997 0.488546
1.64895 0.523959
. .
1.64575 0.155015
1.59951 0.240123
2.09365 1.60725
1.81601 0.697354
1.86736 0.263451
1.87402 0.193614
2.19771 0.516223
2.07647 0.333729
1.99339 0.296847
2.42602 0.943793
2.4847 0.71227
2.31605 0.721454
2.26625 0.300934
. .
2.49642 0.433976
2.38078 0.59545
2.49154 0.515769
2.50399 0.246477
2.48472 0.109303
2.48169 0.297233
2.65137 0.312707
2.60353 0.303584
2.71578 0.54011
2.4687 0.320456
2.42499 0.744776
2.36831 0.364195
. .
2.49005 0.312659
2.14641 0.870158
1.95671 0.491382
2.36311 0.930013
2.71515 0.646665
2.68104 0.10408
2.23007 0.734217
1.88097 0.940603
2.22031 0.552274
1.98718 0.463113
2.26457 0.43719
1.8475 0.678394
1.96293 0.325888
. .
