0 0
1.39857 1.39857
1.11966 1.18456
1.30621 0.293692
0.908957 0.619141
1.12425 0.399803
1.11168 0.180137
1.05132 0.201366
1.0123 0.125995
0.979758 0.193198
1.03036 0.322952
1.11799 0.345276
1.08561 0.131619
1.16133 0.31586
0.24739 1.2584
1.06542 1.15885
0.922642 0.868124
0.929771 0.128063
0.935697 0.192373
0.917323 0.311267
1.01727 0.207999
1.00206 0.144021
1.02406 0.512914
1.07846 0.480841
1.04156 0.222642
1.23364 0.488546
1.42301 0.523959
1.64294 1.24593
1.4896 1.29323
1.42142 0.240123
2.34298 1.60725
1.92908 0.697354
2.00038 0.263451
2.10177 0.193614
2.41995 0.516223
2.2631 0.333729
2.22496 0.296847
2.7863 0.943793
3.09368 0.71227
2.71291 0.721454
2.65519 0.300934
2.60962 1.0291
2.76966 0.841481
2.74328 0.59545
2.74297 0.515769
2.68563 0.246477
2.66133 0.109303
2.77588 0.297233
2.88029 0.312707
2.8603 0.303584
2.75679 0.54011
2.50281 0.320456
2.70096 0.744776
2.58579 0.364195
2.26936 0.992516
2.71687 1.0574
2.28245 0.870158
2.06476 0.491382
2.53609 0.930013
2.70261 0.646665
2.7078 0.10408
2.22894 0.734217
1.79709 0.940603
2.08327 0.552274
1.95609 0.463113
2.04212 0.43719
1.6564 0.678394
1.71398 0.325888
1.64325 1.2754
